0004 800000 96 97 0b 59 00 0000000000000000000000000 00 00 00 01 33 32 00 67
0005 800000 96 97 0b 59 d4 0000000000000000000000000 d4 00 00 01 33 32 00 67
0006 800000 96 97 0b 59 00 0000000000000000000000000 00 00 00 01 33 32 00 67
0007 800000 96 97 0b 59 d4 0000000000000000000000000 d4 00 00 01 33 32 00 67
0008 800000 96 97 0b 59 00 0000000000000000000000000 00 00 00 01 33 32 00 67
0009 800000 96 97 0b 59 d4 0000000000000000000000000 d4 00 00 01 33 32 00 67
000a 800000 96 97 0b 59 00 0000000000000000000000000 00 00 00 01 33 32 00 67
000b 800000 96 97 0b 59 d4 0000000000000000000000000 d4 00 00 01 33 32 00 67
000c 800000 96 97 0b 59 00 0000000000000000000000000 00 00 00 02 33 32 00 68
000d 800000 96 97 0b 59 d4 0000000000000000000000000 d4 00 00 02 33 32 00 68
000e 800000 96 97 0b 59 00 0000000000000000000000000 00 00 00 02 33 32 00 68
000f 800000 96 97 0b 59 d4 0000000000000000000000000 d4 00 00 02 33 32 00 68
0010 800000 96 97 0b 59 00 0000000000000000000000000 00 00 00 02 33 32 00 68
0011 800000 96 97 0b 59 d4 0000000000000000000000000 d4 00 00 02 33 32 00 68
0012 800000 96 97 0b 59 00 0000000000000000000000000 00 00 00 02 33 32 00 68
0013 800000 96 97 0b 59 d4 0000000000000000000000000 d4 00 00 02 33 32 00 68
0014 800000 96 97 0b 59 00 0000000000000000000000000 00 00 00 02 33 32 00 68
0015 800000 96 97 0b 59 d4 0000000000000000000000000 d4 00 00 02 33 32 00 68
0016 800000 96 97 0b 59 00 0000000000000000000000000 00 00 00 02 33 32 00 68
0017 800000 96 97 0b 59 d4 0000000000000000000000000 d4 00 00 02 33 32 01 69
0018 800000 96 97 0b 59 00 0000000000000000000000000 00 00 00 02 33 32 01 69
0019 800000 96 97 0b 59 d4 0000000000000000000000000 d4 00 00 02 33 32 01 69
001a 800000 96 97 0b 59 00 0000000000000000000000000 00 00 00 02 33 32 01 69
001b 800000 96 97 0b 59 d4 0000000000000000000000000 d4 00 00 02 33 32 01 69
001c 800000 96 97 0b 59 00 0000000000000000000000000 00 00 00 02 33 32 01 69
001d 800000 96 97 0b 59 d4 0000000000000000000000000 d4 00 00 02 33 32 01 69
001e 800000 96 97 0b 59 00 0000000000000000000000000 00 00 00 02 33 32 01 69
001f 800000 96 97 0b 59 d4 0000000000000000000000000 d4 00 00 02 33 32 01 69
0020 800000 96 97 0b 59 00 0000000000000000000000000 00 00 00 03 33 32 01 6a
0021 800000 96 97 0b 59 d4 0000000000000000000000000 d4 00 00 03 33 32 00 69
0022 800000 96 97 0b 59 00 0000000000000000000000000 00 00 00 03 33 32 00 69
0023 800000 96 97 0b 59 d4 0000000000000000000000000 d4 00 00 03 33 32 00 69
0024 800000 96 97 0b 59 00 0000000000000000000000000 00 00 00 03 33 32 00 69
0025 800000 96 97 0b 59 d4 0000000000000000000000000 d4 00 00 03 33 32 00 69
0026 800000 96 97 0b 59 00 0000000000000000000000000 00 00 00 03 33 32 00 69
0027 800000 96 97 0b 59 d4 0000000000000000000000000 d4 00 00 03 33 32 00 69
0028 800000 96 97 0b 59 00 0000000000000000000000000 00 00 00 03 33 32 00 69
0029 800000 96 97 0b 59 d4 0000000000000000000000000 d4 00 00 03 33 32 00 69
002a 800000 96 97 0b 59 00 0000000000000000000000000 00 00 00 04 33 32 00 6a
002b 800000 96 97 0b 59 d4 0000000000000000000000000 d4 00 00 04 33 32 00 6a
002c 800000 96 97 0b 59 00 0000000000000000000000000 00 00 00 04 33 32 00 6a
002d 800000 96 97 0b 59 d4 0000000000000000000000000 d4 00 00 04 33 32 00 6a
002e 800000 96 97 0b 59 00 0000000000000000000000000 00 00 00 04 33 32 00 6a
002f 800000 96 97 0b 59 d4 0000000000000000000000000 d4 00 00 04 33 32 00 6a
0030 800000 96 97 0b 59 00 0000000000000000000000000 00 00 00 04 33 32 00 6a
0031 800000 96 97 0b 59 d4 0000000000000000000000000 d4 00 00 04 33 32 00 6a
0032 800000 96 97 0b 59 00 0000000000000000000000000 00 00 00 04 33 32 00 6a
0033 800000 96 97 0b 59 d4 0000000000000000000000000 d4 00 00 04 33 32 00 6a
0034 800000 96 97 0b 59 00 0000000000000000000000000 00 00 00 03 33 32 00 69
0035 800000 96 97 0b 59 d4 0000000000000000000000000 d4 00 00 03 33 32 00 69
0036 800000 96 97 0b 59 00 0000000000000000000000000 00 00 00 03 33 32 00 69
0037 800000 96 97 0b 59 d4 0000000000000000000000000 d4 00 00 03 33 32 00 69
0038 800000 96 97 0b 59 00 0000000000000000000000000 00 00 00 03 33 32 00 69
0039 800000 96 97 0b 59 d4 0000000000000000000000000 d4 00 00 03 33 32 00 69
003a 800000 96 97 0b 59 00 0000000000000000000000000 00 00 00 03 33 32 00 69
003b 800000 96 97 0b 59 d4 0000000000000000000000000 d4 00 00 03 33 32 00 69
003c 800000 96 97 0b 59 00 0000000000000000000000000 00 00 00 03 33 32 00 69
003d 800000 96 97 0b 59 d4 0000000000000000000000000 d4 00 00 03 33 32 00 69
003e 800000 96 97 0b 59 00 0000000000000000000000000 00 00 00 02 33 32 00 68
003f 800000 96 97 0b 59 d4 0000000000000000000000000 d4 00 00 02 33 32 01 69
0040 800000 96 97 0b 59 00 0000000000000000000000000 00 00 00 02 33 32 01 69
0041 800000 96 97 0b 59 d4 0000000000000000000000000 d4 00 00 02 33 32 01 69
0042 800000 96 97 0b 59 00 0000000000000000000000000 00 00 00 02 33 32 01 69
0043 800000 96 97 0b 59 d4 0000000000000000000000000 d4 00 00 02 33 32 01 69
0044 800000 96 97 0b 59 00 0000000000000000000000000 00 00 00 02 33 32 01 69
0045 800000 96 97 0b 59 d4 0000000000000000000000000 d4 00 00 02 33 32 01 69
0046 800000 96 97 0b 59 00 0000000000000000000000000 00 00 00 02 33 32 01 69
0047 800000 96 97 0b 59 d4 0000000000000000000000000 d4 00 00 02 33 32 01 69
0048 800000 96 97 0b 59 00 0000000000000000000000000 00 00 00 02 33 32 01 69
0049 800000 96 97 0b 59 d4 0000000000000000000000000 d4 00 00 02 33 32 00 68
004a 800000 96 97 0b 59 00 0000000000000000000000000 00 00 00 02 33 32 00 68
004b 800000 96 97 0b 59 d4 0000000000000000000000000 d4 00 00 02 33 32 00 68
004c 800000 96 97 0b 59 00 0000000000000000000000000 00 00 00 02 33 32 00 68
004d 800000 96 97 0b 59 d4 0000000000000000000000000 d4 00 00 02 33 32 00 68
004e 800000 96 97 0b 59 00 0000000000000000000000000 00 00 00 02 33 32 00 68
004f 800000 96 97 0b 59 d4 0000000000000000000000000 d4 00 00 02 33 32 00 68
0050 800000 96 97 0b 59 00 0000000000000000000000000 00 00 00 02 33 32 00 68
0051 800000 96 97 0b 59 d4 0000000000000000000000000 d4 00 00 02 33 32 00 68
0052 800000 96 97 0b 59 00 0000000000000000000000000 00 00 00 01 33 32 00 67
0053 800000 96 97 0b 59 d4 0000000000000000000000000 d4 00 00 01 33 32 00 67
0054 800000 96 97 0b 59 00 0000000000000000000000000 00 00 00 01 33 32 00 67
0055 800000 96 97 0b 59 d4 0000000000000000000000000 d4 00 00 01 33 32 00 67
0056 800000 96 97 0b 59 00 0000000000000000000000000 00 00 00 02 33 32 00 68
0057 800000 96 97 0b 59 d4 0000000000000000000000000 d4 00 00 02 33 32 00 68
0058 800000 96 97 0b 59 00 0000000000000000000000000 00 00 00 02 33 32 00 68
0059 800000 96 97 0b 59 d4 0000000000000000000000000 d4 00 00 02 33 32 00 68
005a 800000 96 97 0b 59 00 0000000000000000000000000 00 00 00 02 33 32 00 68
005b 800000 96 97 0b 59 d4 0000000000000000000000000 d4 00 00 02 33 32 00 68
005c 800000 96 97 0b 59 00 0000000000000000000000000 00 00 00 02 33 32 00 68
005d 800000 96 97 0b 59 d4 0000000000000000000000000 d4 00 00 02 33 32 00 68
005e 800000 96 97 0b 59 00 0000000000000000000000000 00 00 00 02 33 32 00 68
005f 800000 96 97 0b 59 d4 0000000000000000000000000 d4 00 00 02 33 32 00 68
0060 800000 96 97 0b 59 00 0000000000000000000000000 00 00 00 02 33 32 00 68
0061 800000 96 97 0b 59 d4 0000000000000000000000000 d4 00 00 02 33 32 01 69
0062 800000 96 97 0b 59 00 0000000000000000000000000 00 00 00 02 33 32 01 69
0063 800000 96 97 0b 59 d4 0000000000000000000000000 d4 00 00 02 33 32 01 69
0064 800000 96 97 0b 59 00 0000000000000000000000000 00 00 00 02 33 32 01 69
0065 800000 96 97 0b 59 d4 0000000000000000000000000 d4 00 00 02 33 32 01 69
0066 800000 96 97 0b 59 00 0000000000000000000000000 00 00 00 02 33 32 01 69
0067 800000 96 97 0b 59 d4 0000000000000000000000000 d4 00 00 02 33 32 01 69
0068 800000 96 97 0b 59 00 0000000000000000000000000 00 00 00 02 33 32 01 69
0069 800000 96 97 0b 59 d4 0000000000000000000000000 d4 00 00 02 33 32 01 69
006a 800000 96 97 0b 59 00 0000000000000000000000000 00 00 00 03 33 32 01 6a
006b 800000 96 97 0b 59 d4 0000000000000000000000000 d4 00 00 03 33 32 00 69
006c 800000 96 97 0b 59 00 0000000000000000000000000 00 00 00 03 33 32 00 69
006d 800000 96 97 0b 59 d4 0000000000000000000000000 d4 00 00 03 33 32 00 69
006e 800000 96 97 0b 59 00 0000000000000000000000000 00 00 00 03 33 32 00 69
006f 800000 96 97 0b 59 d4 0000000000000000000000000 d4 00 00 03 33 32 00 69
0070 800000 96 97 0b 59 00 0000000000000000000000000 00 00 00 03 33 32 00 69
0071 800000 96 97 0b 59 d4 0000000000000000000000000 d4 00 00 03 33 32 00 69
0072 800000 96 97 0b 59 00 0000000000000000000000000 00 00 00 03 33 32 00 69
0073 800000 96 97 0b 59 d4 0000000000000000000000000 d4 00 00 03 33 32 00 69
0074 800000 96 97 0b 59 00 0000000000000000000000000 00 00 00 04 33 32 00 6a
0075 800000 96 97 0b 59 d4 0000000000000000000000000 d4 00 00 04 33 32 00 6a
0076 800000 96 97 0b 59 00 0000000000000000000000000 00 00 00 04 33 32 00 6a
0077 800000 96 97 0b 59 d4 0000000000000000000000000 d4 00 00 04 33 32 00 6a
0078 800000 96 97 0b 59 00 0000000000000000000000000 00 00 00 04 33 32 00 6a
0079 800000 96 97 0b 59 d4 0000000000000000000000000 d4 00 00 04 33 32 00 6a
007a 800000 96 97 0b 59 00 0000000000000000000000000 00 00 00 04 33 32 00 6a
007b 800000 96 97 0b 59 d4 0000000000000000000000000 d4 00 00 04 33 32 00 6a
007c 800000 96 97 0b 59 00 0000000000000000000000000 00 00 00 04 33 32 00 6a
007d 800000 96 97 0b 59 d4 0000000000000000000000000 d4 00 00 04 33 32 00 6a
007e 800000 96 97 0b 59 00 0000000000000000000000000 00 00 00 03 33 32 00 69
007f 800000 96 97 0b 59 d4 0000000000000000000000000 d4 00 00 03 33 32 00 69
0080 800000 96 97 0b 59 00 0000000000000000000000000 00 00 00 03 33 32 00 69
0081 800000 96 97 0b 59 d4 0000000000000000000000000 d4 00 00 03 33 32 00 69
0082 800000 96 97 0b 59 00 0000000000000000000000000 00 00 00 03 33 32 00 69
0083 800000 96 97 0b 59 d4 0000000000000000000000000 d4 00 00 03 33 32 00 69
0084 800000 96 97 0b 59 00 0000000000000000000000000 00 00 00 03 33 32 00 69
0085 800000 96 97 0b 59 d4 0000000000000000000000000 d4 00 00 03 33 32 00 69
0086 800000 96 97 0b 59 00 0000000000000000000000000 00 00 00 03 33 32 00 69
0087 800000 96 97 0b 59 d4 0000000000000000000000000 d4 00 00 03 33 32 00 69
0088 800000 96 97 0b 59 00 0000000000000000000000000 00 00 00 02 33 32 00 68
0089 800000 96 97 0b 59 d4 0000000000000000000000000 d4 00 00 02 33 32 01 69
008a 800000 96 97 0b 59 00 0000000000000000000000000 00 00 00 02 33 32 01 69
008b 800000 96 97 0b 59 d4 0000000000000000000000000 d4 00 00 02 33 32 01 69
008c 800000 96 97 0b 59 00 0000000000000000000000000 00 00 00 02 33 32 01 69
008d 800000 96 97 0b 59 d4 0000000000000000000000000 d4 00 00 02 33 32 01 69
008e 800000 96 97 0b 59 00 0000000000000000000000000 00 00 00 02 33 32 01 69
008f 800000 96 97 0b 59 d4 0000000000000000000000000 d4 00 00 02 33 32 01 69
0090 800000 96 97 0b 59 00 0000000000000000000000000 00 00 00 02 33 32 01 69
0091 800000 96 97 0b 59 d4 0000000000000000000000000 d4 00 00 02 33 32 01 69
0092 800000 96 97 0b 59 00 0000000000000000000000000 00 00 00 02 33 32 01 69
0093 800000 96 97 0b 59 d4 0000000000000000000000000 d4 00 00 02 33 32 00 68
0094 800000 96 97 0b 59 00 0000000000000000000000000 00 00 00 02 33 32 00 68
0095 800000 96 97 0b 59 d4 0000000000000000000000000 d4 00 00 02 33 32 00 68
0096 800000 96 97 0b 59 00 0000000000000000000000000 00 00 00 02 33 32 00 68
0097 800000 96 97 0b 59 d4 0000000000000000000000000 d4 00 00 02 33 32 00 68
0098 800000 96 97 0b 59 00 0000000000000000000000000 00 00 00 02 33 32 00 68
0099 800000 96 97 0b 59 d4 0000000000000000000000000 d4 00 00 02 33 32 00 68
009a 800000 96 97 0b 59 00 0000000000000000000000000 00 00 00 02 33 32 00 68
009b 800000 96 97 0b 59 d4 0000000000000000000000000 d4 00 00 02 33 32 00 68
009c 800000 96 97 0b 59 00 0000000000000000000000000 00 00 00 02 33 02 00 38
009d 800000 96 97 0b 59 00 0000000000000000000000000 00 00 00 02 33 09 00 3f
009e 800000 96 97 0b 59 00 0000000000000000000000000 00 00 00 02 33 11 00 47
009f 800000 96 97 0b 59 00 0000000000000000000000000 00 00 00 02 33 18 00 4e
00a0 800000 96 97 0b 59 00 0000000000000000000000000 00 00 00 02 33 20 00 56
00a1 800000 96 97 0b 59 00 0000000000000000000000000 00 00 00 02 33 29 00 5f
00a2 800000 96 97 0b 59 00 0000000000000000000000000 00 00 00 02 33 31 00 67
00a3 800000 96 97 0b 59 00 0000000000000000000000000 00 00 00 02 33 3a 00 70
00a4 800000 96 97 0b 59 00 0000000000000000000000000 00 00 00 02 33 43 00 79
00a5 800000 96 97 0b 59 00 0000000000000000000000000 00 00 00 02 33 4c 00 82
00a6 800000 96 97 0b 59 00 0000000000000000000000000 00 00 00 02 33 53 00 89
00a7 800000 96 97 0b 59 00 0000000000000000000000000 00 00 00 02 33 5d 00 93
00a8 800000 96 97 0b 59 00 0000000000000000000000000 00 00 00 02 33 64 00 9a
00a9 800000 96 97 0b 59 00 0000000000000000000000000 00 00 00 02 33 5d 00 93
00aa 800000 96 97 0b 59 00 0000000000000000000000000 00 00 00 02 33 58 00 8e
00ab 800000 96 97 0b 59 00 0000000000000000000000000 00 00 00 02 33 54 00 8a
00ac 800000 96 97 0b 59 00 0000000000000000000000000 00 00 00 02 33 47 00 7d
00ad 800000 96 97 0b 59 00 0000000000000000000000000 00 00 00 02 33 42 00 78
00ae 800000 96 97 0b 59 00 0000000000000000000000000 00 00 00 02 33 3c 00 72
00af 800000 96 97 0b 59 00 0000000000000000000000000 00 00 00 02 33 39 00 6f
00b0 800000 96 97 0b 59 00 0000000000000000000000000 00 00 00 02 33 33 00 69
00b1 800000 96 97 0b 59 00 0000000000000000000000000 00 00 00 02 33 30 00 66
00b2 800000 96 97 0b 59 00 0000000000000000000000000 00 00 00 02 33 2a 00 60
00b3 800000 96 97 0b 59 00 0000000000000000000000000 00 00 00 02 33 23 00 59
00b4 800000 96 97 0b 59 00 0000000000000000000000000 00 00 00 02 33 1d 00 53
00b5 800000 96 97 0b 59 00 0000000000000000000000000 00 00 00 02 33 16 00 4c
00b6 800000 96 97 0b 59 00 0000000000000000000000000 00 00 00 02 33 11 00 47
00b7 800000 96 97 0b 59 00 0000000000000000000000000 00 00 00 02 33 09 00 3f
00b8 800000 96 97 0b 59 00 0000000000000000000000000 00 00 00 02 33 04 00 3a
00b9 800000 96 97 0b 59 00 0000000000000000000000000 00 00 00 02 33 00 00 36
00ba 800000 96 97 0b 59 00 0000000000000000000000000 00 00 00 02 33 0b 00 41
00bb 800000 96 97 0b 59 00 0000000000000000000000000 00 00 00 02 33 15 00 4b
00bc 800000 96 97 0b 59 00 0000000000000000000000000 00 00 00 02 33 22 00 58
00bd 800000 96 97 0b 59 00 0000000000000000000000000 00 00 00 02 33 2a 00 60
00be 800000 96 97 0b 59 00 0000000000000000000000000 00 00 00 02 33 35 00 6b
00bf 800000 96 97 0b 59 00 0000000000000000000000000 00 00 00 02 33 3f 00 75
00c0 800000 96 97 0b 59 00 0000000000000000000000000 00 00 00 02 33 4a 00 80
00c1 800000 96 97 0b 59 00 0000000000000000000000000 00 00 00 02 33 51 00 87
00c2 800000 96 97 0b 59 00 0000000000000000000000000 00 00 00 02 33 5a 00 90
00c3 800000 96 97 0b 59 00 0000000000000000000000000 00 00 00 02 33 64 00 9a
00c4 800000 96 97 0b 59 00 0000000000000000000000000 00 00 00 02 33 64 00 9a
00c5 800000 96 97 0b 59 d4 0000000000000000000000000 d4 00 00 02 33 64 00 9a
00c6 800000 96 97 0b 59 00 0000000000000000000000000 00 00 00 02 33 64 00 9a
00c7 800000 96 97 0b 59 d4 0000000000000000000000000 d4 00 00 02 33 64 00 9a
00c8 800000 96 97 0b 59 00 0000000000000000000000000 00 00 00 02 33 64 00 9a
00c9 800000 96 97 0b 59 d4 0000000000000000000000000 d4 00 00 02 33 64 00 9a
00ca 800000 96 97 0b 59 00 0000000000000000000000000 00 00 00 02 33 64 00 9a
00cb 800000 96 97 0b 59 d4 0000000000000000000000000 d4 00 00 02 33 64 00 9a
00cc 800000 96 97 0b 59 00 0000000000000000000000000 00 00 00 02 33 64 00 9a
00cd 800000 96 97 0b 59 d4 0000000000000000000000000 d4 00 00 02 33 64 00 9a
00ce 800000 96 97 0b 59 00 0000000000000000000000000 00 00 00 02 01 64 00 68
00cf 800000 96 97 0b 59 00 0000000000000000000000000 00 00 00 02 08 64 00 6f
00d0 800000 96 97 0b 59 00 0000000000000000000000000 00 00 00 02 0e 64 00 75
00d1 800000 96 97 0b 59 00 0000000000000000000000000 00 00 00 02 15 64 00 7c
00d2 800000 96 97 0b 59 00 0000000000000000000000000 00 00 00 02 1c 64 00 83
00d3 800000 96 97 0b 59 00 0000000000000000000000000 00 00 00 02 24 64 00 8b
00d4 800000 96 97 0b 59 00 0000000000000000000000000 00 00 00 02 2d 64 00 94
00d5 800000 96 97 0b 59 00 0000000000000000000000000 00 00 00 02 32 64 00 99
00d6 800000 96 97 0b 59 00 0000000000000000000000000 00 00 00 02 3a 64 00 a1
00d7 800000 96 97 0b 59 00 0000000000000000000000000 00 00 00 02 3d 64 00 a4
00d8 800000 96 97 0b 59 00 0000000000000000000000000 00 00 00 02 48 64 00 af
00d9 800000 96 97 0b 59 00 0000000000000000000000000 00 00 00 02 50 64 00 b7
00da 800000 96 97 0b 59 00 0000000000000000000000000 00 00 00 02 58 64 00 bf
00db 800000 96 97 0b 59 00 0000000000000000000000000 00 00 00 02 60 64 00 c7
00dc 800000 96 97 0b 59 00 0000000000000000000000000 00 00 00 02 64 64 00 cb
00dd 800000 96 97 0b 59 00 0000000000000000000000000 00 00 00 02 5d 64 00 c4
00de 800000 96 97 0b 59 00 0000000000000000000000000 00 00 00 02 57 64 00 be
00df 800000 96 97 0b 59 00 0000000000000000000000000 00 00 00 02 50 64 00 b7
00e0 800000 96 97 0b 59 00 0000000000000000000000000 00 00 00 02 4c 64 00 b3
00e1 800000 96 97 0b 59 00 0000000000000000000000000 00 00 00 02 4a 64 00 b1
00e2 800000 96 97 0b 59 00 0000000000000000000000000 00 00 00 02 47 64 00 ae
00e3 800000 96 97 0b 59 00 0000000000000000000000000 00 00 00 02 3d 64 00 a4
00e4 800000 96 97 0b 59 00 0000000000000000000000000 00 00 00 02 38 64 00 9f
00e5 800000 96 97 0b 59 00 0000000000000000000000000 00 00 00 02 30 64 00 97
00e6 800000 96 97 0b 59 00 0000000000000000000000000 00 00 00 02 27 64 00 8e
00e7 800000 96 97 0b 59 00 0000000000000000000000000 00 00 00 02 25 64 00 8c
00e8 800000 96 97 0b 59 00 0000000000000000000000000 00 00 00 02 1d 64 00 84
00e9 800000 96 97 0b 59 00 0000000000000000000000000 00 00 00 02 18 64 00 7f
00ea 800000 96 97 0b 59 00 0000000000000000000000000 00 00 00 02 0d 64 00 74
00eb 800000 96 97 0b 59 00 0000000000000000000000000 00 00 00 02 03 64 00 6a
00ec 800000 96 97 0b 59 00 0000000000000000000000000 00 00 00 02 01 64 00 68
00ed 800000 96 97 0b 59 00 0000000000000000000000000 00 00 00 02 0a 64 00 71
00ee 800000 96 97 0b 59 00 0000000000000000000000000 00 00 00 02 11 64 00 78
00ef 800000 96 97 0b 59 00 0000000000000000000000000 00 00 00 02 1e 64 00 85
00f0 800000 96 97 0b 59 00 0000000000000000000000000 00 00 00 02 22 64 00 89
00f1 800000 96 97 0b 59 00 0000000000000000000000000 00 00 00 02 2a 64 00 91
00f2 800000 96 97 0b 59 00 0000000000000000000000000 00 00 00 02 32 64 00 99
00f3 800000 96 97 0b 59 00 0000000000000000000000000 00 00 00 02 39 64 00 a0
00f4 800000 96 97 0b 59 00 0000000000000000000000000 00 00 00 02 45 64 00 ac
00f5 800000 96 97 0b 59 00 0000000000000000000000000 00 00 00 02 4e 64 00 b5
00f6 800000 96 97 0b 59 00 0000000000000000000000000 00 00 00 02 59 64 00 c0
00f7 800000 96 97 0b 59 00 0000000000000000000000000 00 00 00 02 63 64 00 ca
00f8 800000 96 97 0b 59 00 00000000000000000000000000000 00 00 00 02 64 64 00 cb
